CC;3;P008;1;P008;3;P006;4;P005;3;P001;1;